Country;Rate (Youth);Year (Youth);Rate (Adult);Year (Adult);Rate (Elderly);Year (Elderly);YGPI;Year (YGPI)
Afghanistan;65.0;2020;31.7;2011;20.3;2011;0.5;2011
Albania;99.2;2012;97.2;2012;86.9;2012;1.0;2012
Algeria;93.8;2008;75.1;2008;19.5;2008;1.0;2008
Angola;77.4;2014;66.0;2014;27.0;2014;0.8;2014
Argentina;99.5;2016;99.1;2016;97.9;2016;1.0;2016
Armenia;99.8;2011;99.7;2011;98.9;2011;1.0;2011
Australia;96.6
Austria
Azerbaijan;99.9;2016;99.8;2016;98.4;2016;1.0;2016
Bahrain;97.0;2001;86.5;2001;42.3;2001;1.0;2001
Bangladesh;94.9;2019;74.7;2019;39.4;2019;1.03;2019
Barbados;99.9;2014;99.6;2014;98.5;2014;1.0;2014
Belarus;99.8;2009;99.6;2009;98.6;2009;1.0;2009
Belgium
Benin;52.5;2012;32.9;2012;7.0;2012;0.6;2012
Bhutan;87.3;2012;57.0;2012;14.9;2012;0.9;2012
Bolivia;99.4;2015;92.5;2015;67.5;2015;1.0;2015
Bosnia and Herzegovina;99.7;2013;97.0;2013;86.0;2013;1.0;2013
Botswana;97.7;2014;87.7;2014;40.7;2014;1.0;2014
Brazil;99.7;2020;92.0;2015;74.3;2015;1.0;2015
Brunei;99.4;2011;96.1;2011;61.6;2011;1.0;2011
Bulgaria;97.9;2011;98.4;2011;97.5;2011;1.0;2011
Burkina Faso;50.1;2014;34.6;2014;8.4;2014;0.8;2014
Burundi;79.6;2014;61.6;2014;24.9;2014;0.9;2014
Cambodia;92.2;2015;80.5;2015;53.1;2015;1.0;2015
Cameroon;80.6;2010;71.3;2010;26.1;2010;0.9;2010
Canada
Cape Verde;98.1;2015;86.8;2015;36.8;2015;1.0;2015
Chad;30.8;2016;22.3;2016;7.0;2016;0.6;2016
Chile;99.4;2015;96.9;2015;89.9;2015;1.0;2015
China;99.8;2018;96.8;2018;73.9;2010;1.0;2018
Colombia;98.7;2016;94.7;2016;81.4;2016;1.0;2016
Comoros;71.6;2012;49.2;2012;12.8;2012;0.9;2012
Congo;80.9;2011;79.3;2011;73.1;2011;0.9;2011
Costa Rica;99.1;2011;97.4;2011;90.4;2011;1.0;2011
Croatia;99.7;2011;99.1;2011;97.1;2011;1.0;2011
Cuba;99.9;2012;99.8;2012;99.2;2012;1.0;2012
Cyprus;99.8;2011;98.7;2011;93.8;2011;1.0;2011
Czech Republic
Denmark
Dominican Republic;98.8;2016;93.8;2016;79.8;2016;1.0;2016
DR Congo;85.0;2016;77.0;2016;48.0;2016;0.9;2016
Ecuador;99.1;2016;94.4;2016;77.7;2016;1.0;2016
Egypt;93.9;2017;71.2;2017;43.2;2013;1.0;2017
El Salvador;98.0;2016;88.5;2017;65.7;2016;1.0;2016
Equatorial Guinea;98.2;2014;95.0;2014;67.2;2014;1.0;2014
Estonia;99.9;2011;99.9;2011;99.7;2011;1.0;2011
Eswatini;93.5;2010;83.1;2010;45.2;2010;1.0;2010
Ethiopia;55.0;2007;39.0;2007;13.6;2007;0.7;2007
Fiji
Finland
France
Gabon;88.5;2012;82.3;2012;60.6;2012;1.0;2012
Gambia;60.8;2013;42.0;2013;10.4;2013;0.9;2013
Georgia;99.7;2014;99.6;2014;99.1;2014;1.0;2014
Germany
Ghana;85.7;2010;71.5;2010;34.9;2010;0.9;2010
Greece;98.8;2011;97.4;2011;92.5;2011;1.0;2011
Greenland;100.0;2015;1.0;2015
Grenada;99.2;2014;98.6;2014;96.2;2014;1.0;2014
Guatemala;94.4;2014;81.3;2014;50.7;2014;1.0;2014
Guinea;46.3;2012;25.9;2012;7.4;2012;0.7;2012
Guinea-Bissau;38.3;2010;22.4;2010;5.6;2010;0.6;2010
Guyana;99.2;2016;97.4;2016;83.1;2016;1.0;2016
Haiti;79.4;2014;65.0;2014;40.0;2014;0.9;2014
Honduras;91.4;2014;80.0;2014;63.4;2014;1.0;2014
Hungary;99.6;2011;98.6;2011;96.0;2011;1.0;2011
Iceland;99.6;2011;99.2;2011;98.2;2011;1.0;2011
India;94.0;2011;74.0;2011;38.3;2011;0.7;2011
Indonesia;98.6;2018;96.5;2018;81.2;2018;1.0;2018
Iran;94.4;2019;85.1;2019;72.5;2019;1.0;2019
Iraq;92.3;2019;71.5;2019;47.2;2019;1.0;2019
Ireland
Israel
Italy;99.2;2011;97.3;2011;95.1;2011;1.0;2011
Ivory Coast;67.5;2014;50.2;2014;31.4;2014;0.9;2014
Jamaica;98.3;2014;94.3;2014;80.2;2014;1.0;2014
Japan;99.3;2017;98.3;2017;94.1;2017;1.0;2017
Jordan;98.9;2014;91.2;2014;73.3;2014;1.0;2014
Kazakhstan;99.7;2017;98.4;2017;96.4;2017;1.0;2017
Kenya;83.0;2015;75.3;2015;33.6;2015;0.9;2015
Kiribati;87.0;2010;57.5;2010;18.2;2010;0.8;2010
Korea (North);99.9;2013;99.7;2013;99.0;2013;1.0;2013
Korea (South);99.9;2019;99.6;2019;98.3;2019;1.0;2019
Kosovo;99.5;2014;99.3;2014;98.5;2014;1.0;2014
Kuwait;98.6;2014;97.1;2014;75.0;2014;1.0;2014
Kyrgyzstan;98.5;2014;97.3;2014;91.2;2014;1.0;2014
Laos;85.1;2015;65.0;2015;35.5;2015;0.8;2015
Latvia;99.9;2011;99.7;2011;98.9;2011;1.0;2011
Lebanon;98.3;2015;96.4;2015;84.2;2015;1.0;2015
Lesotho;71.1;2014;57.2;2014;26.0;2014;0.9;2014
Liberia;68.2;2014;48.4;2014;17.1;2014;0.8;2014
Libya;91.2;2012;77.8;2012;42.6;2012;1.0;2012
Liechtenstein;99.7;2015;99.4;2015;98.2;2015;1.0;2015
Lithuania;99.9;2011;99.7;2011;99.1;2011;1.0;2011
Luxembourg;99.7;2011;98.5;2011;96.1;2011;1.0;2011
Madagascar;74.7;2014;50.9;2014;22.7;2014;0.9;2014
Malawi;77.2;2015;61.2;2015;38.7;2015;0.9;2015
Malaysia;99.3;2018;97.6;2018;85.2;2018;1.0;2018
Maldives;99.5;2014;99.3;2014;98.2;2014;1.0;2014
Mali;59.4;2013;46.6;2013;32.2;2013;0.8;2013
Malta;99.9;2011;99.4;2011;98.6;2011;1.0;2011
Marshall Islands;99.0;2014;97.0;2014;89.1;2014;1.0;2014
Mauritania;94.5;2012;88.4;2012;55.9;2012;0.9;2012
Mauritius;99.7;2016;98.5;2016;90.3;2016;1.0;2016
Mexico;99.6;2015;97.2;2015;80.5;2015;1.0;2015
Micronesia;98.9;2014;97.1;2014;93.0;2014;1.0;2014
Moldova;99.6;2014;98.4;2014;94.7;2014;1.0;2014
Monaco;100.0;2014;1.0;2014
Mongolia;98.5;2018;94.7;2018;88.2;2018;1.0;2018
Montenegro;99.8;2016;99.2;2016;97.5;2016;1.0;2016
Morocco;97.9;2014;85.6;2014;54.3;2014;1.0;2014
Mozambique;89.5;2015;73.3;2015;33.1;2015;0.9;2015
Myanmar;87.0;2015;70.3;2015;38.2;2015;0.8;2015
Namibia;98.6;2014;92.8;2014;70.3;2014;1.0;2014
Nauru;97.2;2011;83.7;2011;53.1;2011;1.0;2011
Nepal;90.9;2014;78.3;2014;45.4;2014;0.9;2014
Netherlands;99.5;2014;98.7;2014;97.0;2014;1.0;2014
New Zealand;96.8;2016;96.0;2016;94.2;2016;1.0;2016
Nicaragua;94.7;2015;82.7;2015;59.5;2015;1.0;2015
Niger;39.9;2012;25.3;2012;10.6;2012;0.7;2012
Nigeria;74.0;2018;55.5;2018;27.8;2018;0.9;2018
North Macedonia;98.7;2016;97.8;2016;93.0;2016;1.0;2016
Norway;99.0;2015;98.0;2015;96.2;2015;1.0;2015
Oman;98.0;2014;96.5;2014;88.2;2014;1.0;2014
Pakistan;85.0;2018;67.6;2018;38.5;2018;1.0;2018
Palau;99.3;2011;98.9;2011;97.3;2011;1.0;2011
Panama;99.3;2014;98.4;2014;94.9;2014;1.0;2014
Papua New Guinea;72.4;2014;52.7;2014;21.1;2014;0.8;2014
Paraguay;98.9;2015;93.2;2015;74.9;2015;1.0;2015
Peru;99.4;2015;94.5;2015;81.1;2015;1.0;2015
Philippines;99.2;2016;95.7;2016;85.3;2016;1.0;2016
Poland;99.6;2016;99.2;2016;98.8;2016;1.0;2016
Portugal;99.0;2015;98.2;2015;96.4;2015;1.0;2015
Qatar;99.6;2015;99.3;2015;97.0;2015;1.0;2015
Romania;99.2;2015;98.6;2015;96.5;2015;1.0;2015
Russia;99.2;2017;98.0;2017;92.6;2017;1.0;2017
Rwanda;99.0;2016;98.0;2016;95.0;2016;1.0;2016
Saint Kitts and Nevis;99.0;2011;98.0;2011;95.0;2011;1.0;2011
Saint Lucia;98.8;2016;98.2;2016;96.3;2016;1.0;2016
Saint Vincent and the Grenadines;99.2;2011;99.0;2011;98.0;2011;1.0;2011
Samoa;97.7;2014;90.0;2014;55.0;2014;1.0;2014
San Marino;100.0;2011;1.0;2011
Sao Tome and Principe;91.6;2012;79.4;2012;59.7;2012;0.9;2012
Senegal;94.4;2014;87.1;2014;65.0;2014;0.9;2014
Serbia;99.4;2016;98.9;2016;97.3;2016;1.0;2016
Seychelles;99.7;2013;99.3;2013;97.8;2013;1.0;2013
Sierra Leone;60.1;2014;49.0;2014;21.8;2014;0.8;2014
Singapore;100.0;2017;100.0;2017;100.0;2017;1.0;2017
Slovakia;99.9;2011;99.6;2011;98.3;2011;1.0;2011
Slovenia;99.9;2011;99.9;2011;99.7;2011;1.0;2011
Solomon Islands;55.2;2014;43.9;2014;19.5;2014;0.7;2014
Somalia;80.0;2010;50.0;2010;18.0;2010;0.9;2010
South Africa;100.0;2015;99.9;2015;98.0;2015;1.0;2015
South Korea;100.0;2019;99.9;2019;99.2;2019;1.0;2019
South Sudan;74.0;2014;59.3;2014;18.5;2014;0.9;2014
Spain;99.9;2016;99.7;2016;98.8;2016;1.0;2016
Sri Lanka;97.8;2014;86.7;2014;60.2;2014;1.0;2014
Sudan;73.2;2012;56.2;2012;29.5;2012;0.9;2012
Suriname;97.4;2014;86.5;2014;58.1;2014;1.0;2014
Sweden;99.0;2015;98.5;2015;97.0;2015;1.0;2015
Switzerland;99.8;2015;99.6;2015;98.7;2015;1.0;2015
Syria;88.0;2010;78.4;2010;57.0;2010;0.9;2010
Taiwan;100.0;2019;99.8;2019;99.1;2019;1.0;2019
Tajikistan;99.8;2013;98.6;2013;96.0;2013;1.0;2013
Tanzania;94.1;2014;72.5;2014;28.2;2014;1.0;2014
Thailand;99.9;2017;99.2;2017;97.1;2017;1.0;2017
Timor-Leste;73.3;2012;54.4;2012;31.0;2012;0.9;2012
Togo;58.2;2012;43.4;2012;18.3;2012;0.8;2012
Trinidad andTobago;99.6;2015;98.5;2015;92.3;2015;1.0;2015
Tunisia;94.1;2016;77.4;2016;48.6;2016;1.0;2016
Turkey;99.7;2016;96.0;2016;83.3;2016;1.0;2016
Turkmenistan;100.0;2014;99.9;2014;99.6;2014;1.0;2014
Uganda;77.9;2014;60.1;2014;31.0;2014;0.9;2014
Ukraine;99.8;2016;99.5;2016;97.4;2016;1.0;2016
United Arab Emirates;100.0;2018;99.8;2018;94.3;2018;1.0;2018
United Kingdom;99.9;2016;99.6;2016;98.2;2016;1.0;2016
Uruguay;99.9;2015;99.8;2015;99.5;2015;1.0;2015
Uzbekistan;99.9;2016;99.6;2016;98.5;2016;1.0;2016
Vanuatu;97.0;2015;89.2;2015;70.0;2015;1.0;2015
Venezuela;99.5;2013;94.3;2013;74.0;2013;1.0;2013
Vietnam;98.5;2016;95.7;2016;88.1;2016;1.0;2016
Yemen;78.2;2014;63.1;2014;41.4;2014;1.0;2014
Zambia;89.3;2014;75.6;2014;53.9;2014;1.0;2014
Zimbabwe;94.9;2014;79.3;2014;61.4;2014;1.0;2014